(0.000000 0.500000 0.666667 0.750000 0.800000 0.833333 0.857143 0.875000 0.888889 0.900000)
(0.909091 0.916667 0.923077 0.928571 0.933333 0.937500 0.941176 0.944444 0.947368 0.950000)
(0.952381 0.954545 0.956522 0.958333 0.960000 0.961538 0.962963 0.964286 0.965517 0.966667)
(0.967742 0.968750 0.969697 0.970588 0.971429 0.972222 0.972973 0.973684 0.974359 0.975000)
(0.975610 0.976190 0.976744 0.977273 0.977778 0.978261 0.978723 0.979167 0.979592 0.980000)
(0.980392 0.980769 0.981132 0.981481 0.981818 0.982143 0.982456 0.982759 0.983051 0.983333)
(0.983607 0.983871 0.984127 0.984375 0.984615 0.984848 0.985075 0.985294 0.985507 0.985714)
(0.985915 0.986111 0.986301 0.986486 0.986667 0.986842 0.987013 0.987179 0.987342 0.987500)
(0.987654 0.987805 0.987952 0.988095 0.988235 0.988372 0.988506 0.988636 0.988764 0.988889)
(0.989011 0.989130 0.989247 0.989362 0.989474 0.989583 0.989691 0.989796 0.989899 0.990000)
(0.990099 0.990196 0.990291 0.990385 0.990476 0.990566 0.990654 0.990741 0.990826 0.990909)
(0.990991 0.991071 0.991150 0.991228 0.991304 0.991379 0.991453 0.991525 0.991597 0.991667)
(0.991736 0.991803 0.991870 0.991935 0.992000 0.992063 0.992126 0.992188 0.992248 0.992308)
(0.992366 0.992424 0.992481 0.992537 0.992593 0.992647 0.992701 0.992754 0.992806 0.992857)
(0.992908 0.992958 0.993007 0.993056 0.993103 0.993151 0.993197 0.993243 0.993289 0.993333)
(0.993377 0.993421 0.993464 0.993506 0.993548 0.993590 0.993631 0.993671 0.993711 0.993750)
(0.993789 0.993827 0.993865 0.993902 0.993939 0.993976 0.994012 0.994048 0.994083 0.994118)
(0.994152 0.994186 0.994220 0.994253 0.994286 0.994318 0.994350 0.994382 0.994413 0.994444)
(0.994475 0.994505 0.994536 0.994565 0.994595 0.994624 0.994652 0.994681 0.994709 0.994737)
(0.994764 0.994792 0.994819 0.994845 0.994872 0.994898 0.994924 0.994949 0.994975 0.995000)
(0.995025 0.995050 0.995074 0.995098 0.995122 0.995146 0.995169 0.995192 0.995215 0.995238)
(0.995261 0.995283 0.995305 0.995327 0.995349 0.995370 0.995392 0.995413 0.995434 0.995455)
(0.995475 0.995495 0.995516 0.995536 0.995556 0.995575 0.995595 0.995614 0.995633 0.995652)
(0.995671 0.995690 0.995708 0.995726 0.995745 0.995763 0.995781 0.995798 0.995816 0.995833)
(0.995851 0.995868 0.995885 0.995902 0.995918 0.995935 0.995951 0.995968 0.995984 0.996000)
(0.996016 0.996032 0.996047 0.996063 0.996078 0.996094 0.996109 0.996124 0.996139 0.996154)
(0.996169 0.996183 0.996198 0.996212 0.996226 0.996241 0.996255 0.996269 0.996283 0.996296)
(0.996310 0.996324 0.996337 0.996350 0.996364 0.996377 0.996390 0.996403 0.996416 0.996429)
(0.996441 0.996454 0.996466 0.996479 0.996491 0.996503 0.996516 0.996528 0.996540 0.996552)
(0.996564 0.996575 0.996587 0.996599 0.996610 0.996622 0.996633 0.996644 0.996656 0.996667)
(0.996678 0.996689 0.996700 0.996711 0.996721 0.996732 0.996743 0.996753 0.996764 0.996774)
(0.996785 0.996795 0.996805 0.996815 0.996825 0.996835 0.996845 0.996855 0.996865 0.996875)
(0.996885 0.996894 0.996904 0.996914 0.996923 0.996933 0.996942 0.996951 0.996960 0.996970)
(0.996979 0.996988 0.996997 0.997006 0.997015 0.997024 0.997033 0.997041 0.997050 0.997059)
(0.997067 0.997076 0.997085 0.997093 0.997101 0.997110 0.997118 0.997126 0.997135 0.997143)
(0.997151 0.997159 0.997167 0.997175 0.997183 0.997191 0.997199 0.997207 0.997214 0.997222)
(0.997230 0.997238 0.997245 0.997253 0.997260 0.997268 0.997275 0.997283 0.997290 0.997297)
(0.997305 0.997312 0.997319 0.997326 0.997333 0.997340 0.997347 0.997354 0.997361 0.997368)
(0.997375 0.997382 0.997389 0.997396 0.997403 0.997409 0.997416 0.997423 0.997429 0.997436)
(0.997442 0.997449 0.997455 0.997462 0.997468 0.997475 0.997481 0.997487 0.997494 0.997500)
(0.997506 0.997512 0.997519 0.997525 0.997531 0.997537 0.997543 0.997549 0.997555 0.997561)
(0.997567 0.997573 0.997579 0.997585 0.997590 0.997596 0.997602 0.997608 0.997613 0.997619)
(0.997625 0.997630 0.997636 0.997642 0.997647 0.997653 0.997658 0.997664 0.997669 0.997674)
(0.997680 0.997685 0.997691 0.997696 0.997701 0.997706 0.997712 0.997717 0.997722 0.997727)
(0.997732 0.997738 0.997743 0.997748 0.997753 0.997758 0.997763 0.997768 0.997773 0.997778)
(0.997783 0.997788 0.997792 0.997797 0.997802 0.997807 0.997812 0.997817 0.997821 0.997826)
(0.997831 0.997835 0.997840 0.997845 0.997849 0.997854 0.997859 0.997863 0.997868 0.997872)
(0.997877 0.997881 0.997886 0.997890 0.997895 0.997899 0.997904 0.997908 0.997912 0.997917)
(0.997921 0.997925 0.997930 0.997934 0.997938 0.997942 0.997947 0.997951 0.997955 0.997959)
(0.997963 0.997967 0.997972 0.997976 0.997980 0.997984 0.997988 0.997992 0.997996 0.998000)
(0.998004 0.998008 0.998012 0.998016 0.998020 0.998024 0.998028 0.998031 0.998035 0.998039)
(0.998043 0.998047 0.998051 0.998054 0.998058 0.998062 0.998066 0.998069 0.998073 0.998077)
(0.998081 0.998084 0.998088 0.998092 0.998095 0.998099 0.998102 0.998106 0.998110 0.998113)
(0.998117 0.998120 0.998124 0.998127 0.998131 0.998134 0.998138 0.998141 0.998145 0.998148)
(0.998152 0.998155 0.998158 0.998162 0.998165 0.998168 0.998172 0.998175 0.998179 0.998182)
(0.998185 0.998188 0.998192 0.998195 0.998198 0.998201 0.998205 0.998208 0.998211 0.998214)
(0.998217 0.998221 0.998224 0.998227 0.998230 0.998233 0.998236 0.998239 0.998243 0.998246)
(0.998249 0.998252 0.998255 0.998258 0.998261 0.998264 0.998267 0.998270 0.998273 0.998276)
(0.998279 0.998282 0.998285 0.998288 0.998291 0.998294 0.998296 0.998299 0.998302 0.998305)
(0.998308 0.998311 0.998314 0.998316 0.998319 0.998322 0.998325 0.998328 0.998331 0.998333)
(0.998336 0.998339 0.998342 0.998344 0.998347 0.998350 0.998353 0.998355 0.998358 0.998361)
(0.998363 0.998366 0.998369 0.998371 0.998374 0.998377 0.998379 0.998382 0.998384 0.998387)
(0.998390 0.998392 0.998395 0.998397 0.998400 0.998403 0.998405 0.998408 0.998410 0.998413)
(0.998415 0.998418 0.998420 0.998423 0.998425 0.998428 0.998430 0.998433 0.998435 0.998437)
(0.998440 0.998442 0.998445 0.998447 0.998450 0.998452 0.998454 0.998457 0.998459 0.998462)
(0.998464 0.998466 0.998469 0.998471 0.998473 0.998476 0.998478 0.998480 0.998483 0.998485)
(0.998487 0.998489 0.998492 0.998494 0.998496 0.998498 0.998501 0.998503 0.998505 0.998507)
(0.998510 0.998512 0.998514 0.998516 0.998519 0.998521 0.998523 0.998525 0.998527 0.998529)
(0.998532 0.998534 0.998536 0.998538 0.998540 0.998542 0.998544 0.998547 0.998549 0.998551)
(0.998553 0.998555 0.998557 0.998559 0.998561 0.998563 0.998565 0.998567 0.998569 0.998571)
(0.998573 0.998575 0.998578 0.998580 0.998582 0.998584 0.998586 0.998588 0.998590 0.998592)
(0.998594 0.998596 0.998597 0.998599 0.998601 0.998603 0.998605 0.998607 0.998609 0.998611)
(0.998613 0.998615 0.998617 0.998619 0.998621 0.998623 0.998624 0.998626 0.998628 0.998630)
(0.998632 0.998634 0.998636 0.998638 0.998639 0.998641 0.998643 0.998645 0.998647 0.998649)
(0.998650 0.998652 0.998654 0.998656 0.998658 0.998660 0.998661 0.998663 0.998665 0.998667)
(0.998668 0.998670 0.998672 0.998674 0.998675 0.998677 0.998679 0.998681 0.998682 0.998684)
(0.998686 0.998688 0.998689 0.998691 0.998693 0.998695 0.998696 0.998698 0.998700 0.998701)
(0.998703 0.998705 0.998706 0.998708 0.998710 0.998711 0.998713 0.998715 0.998716 0.998718)
(0.998720 0.998721 0.998723 0.998724 0.998726 0.998728 0.998729 0.998731 0.998733 0.998734)
(0.998736 0.998737 0.998739 0.998741 0.998742 0.998744 0.998745 0.998747 0.998748 0.998750)
(0.998752 0.998753 0.998755 0.998756 0.998758 0.998759 0.998761 0.998762 0.998764 0.998765)
(0.998767 0.998768 0.998770 0.998771 0.998773 0.998775 0.998776 0.998778 0.998779 0.998780)
(0.998782 0.998783 0.998785 0.998786 0.998788 0.998789 0.998791 0.998792 0.998794 0.998795)
(0.998797 0.998798 0.998800 0.998801 0.998802 0.998804 0.998805 0.998807 0.998808 0.998810)
(0.998811 0.998812 0.998814 0.998815 0.998817 0.998818 0.998819 0.998821 0.998822 0.998824)
(0.998825 0.998826 0.998828 0.998829 0.998830 0.998832 0.998833 0.998834 0.998836 0.998837)
(0.998839 0.998840 0.998841 0.998843 0.998844 0.998845 0.998847 0.998848 0.998849 0.998851)
(0.998852 0.998853 0.998855 0.998856 0.998857 0.998858 0.998860 0.998861 0.998862 0.998864)
(0.998865 0.998866 0.998867 0.998869 0.998870 0.998871 0.998873 0.998874 0.998875 0.998876)
(0.998878 0.998879 0.998880 0.998881 0.998883 0.998884 0.998885 0.998886 0.998888 0.998889)
(0.998890 0.998891 0.998893 0.998894 0.998895 0.998896 0.998897 0.998899 0.998900 0.998901)
(0.998902 0.998904 0.998905 0.998906 0.998907 0.998908 0.998909 0.998911 0.998912 0.998913)
(0.998914 0.998915 0.998917 0.998918 0.998919 0.998920 0.998921 0.998922 0.998924 0.998925)
(0.998926 0.998927 0.998928 0.998929 0.998930 0.998932 0.998933 0.998934 0.998935 0.998936)
(0.998937 0.998938 0.998940 0.998941 0.998942 0.998943 0.998944 0.998945 0.998946 0.998947)
(0.998948 0.998950 0.998951 0.998952 0.998953 0.998954 0.998955 0.998956 0.998957 0.998958)
(0.998959 0.998960 0.998962 0.998963 0.998964 0.998965 0.998966 0.998967 0.998968 0.998969)
(0.998970 0.998971 0.998972 0.998973 0.998974 0.998975 0.998976 0.998978 0.998979 0.998980)
(0.998981 0.998982 0.998983 0.998984 0.998985 0.998986 0.998987 0.998988 0.998989 0.998990)
(0.998991 0.998992 0.998993 0.998994 0.998995 0.998996 0.998997 0.998998 0.998999 0.999000)
(0.000000 0.500000 0.666667 0.750000 0.800000 0.833333 0.857143 0.875000 0.888889 0.900000)
(0.909091 0.916667 0.923077 0.928571 0.933333 0.937500 0.941176 0.944444 0.947368 0.950000)
(0.952381 0.954545 0.956522 0.958333 0.960000 0.961538 0.962963 0.964286 0.965517 0.966667)
(0.967742 0.968750 0.969697 0.970588 0.971429 0.972222 0.972973 0.973684 0.974359 0.975000)
(0.975610 0.976190 0.976744 0.977273 0.977778 0.978261 0.978723 0.979167 0.979592 0.980000)
(0.980392 0.980769 0.981132 0.981481 0.981818 0.982143 0.982456 0.982759 0.983051 0.983333)
(0.983607 0.983871 0.984127 0.984375 0.984615 0.984848 0.985075 0.985294 0.985507 0.985714)
(0.985915 0.986111 0.986301 0.986486 0.986667 0.986842 0.987013 0.987179 0.987342 0.987500)
(0.987654 0.987805 0.987952 0.988095 0.988235 0.988372 0.988506 0.988636 0.988764 0.988889)
(0.989011 0.989130 0.989247 0.989362 0.989474 0.989583 0.989691 0.989796 0.989899 0.990000)
(0.990099 0.990196 0.990291 0.990385 0.990476 0.990566 0.990654 0.990741 0.990826 0.990909)
(0.990991 0.991071 0.991150 0.991228 0.991304 0.991379 0.991453 0.991525 0.991597 0.991667)
(0.991736 0.991803 0.991870 0.991935 0.992000 0.992063 0.992126 0.992188 0.992248 0.992308)
(0.992366 0.992424 0.992481 0.992537 0.992593 0.992647 0.992701 0.992754 0.992806 0.992857)
(0.992908 0.992958 0.993007 0.993056 0.993103 0.993151 0.993197 0.993243 0.993289 0.993333)
(0.993377 0.993421 0.993464 0.993506 0.993548 0.993590 0.993631 0.993671 0.993711 0.993750)
(0.993789 0.993827 0.993865 0.993902 0.993939 0.993976 0.994012 0.994048 0.994083 0.994118)
(0.994152 0.994186 0.994220 0.994253 0.994286 0.994318 0.994350 0.994382 0.994413 0.994444)
(0.994475 0.994505 0.994536 0.994565 0.994595 0.994624 0.994652 0.994681 0.994709 0.994737)
(0.994764 0.994792 0.994819 0.994845 0.994872 0.994898 0.994924 0.994949 0.994975 0.995000)
(0.995025 0.995050 0.995074 0.995098 0.995122 0.995146 0.995169 0.995192 0.995215 0.995238)
(0.995261 0.995283 0.995305 0.995327 0.995349 0.995370 0.995392 0.995413 0.995434 0.995455)
(0.995475 0.995495 0.995516 0.995536 0.995556 0.995575 0.995595 0.995614 0.995633 0.995652)
(0.995671 0.995690 0.995708 0.995726 0.995745 0.995763 0.995781 0.995798 0.995816 0.995833)
(0.995851 0.995868 0.995885 0.995902 0.995918 0.995935 0.995951 0.995968 0.995984 0.996000)
(0.996016 0.996032 0.996047 0.996063 0.996078 0.996094 0.996109 0.996124 0.996139 0.996154)
(0.996169 0.996183 0.996198 0.996212 0.996226 0.996241 0.996255 0.996269 0.996283 0.996296)
(0.996310 0.996324 0.996337 0.996350 0.996364 0.996377 0.996390 0.996403 0.996416 0.996429)
(0.996441 0.996454 0.996466 0.996479 0.996491 0.996503 0.996516 0.996528 0.996540 0.996552)
(0.996564 0.996575 0.996587 0.996599 0.996610 0.996622 0.996633 0.996644 0.996656 0.996667)
(0.996678 0.996689 0.996700 0.996711 0.996721 0.996732 0.996743 0.996753 0.996764 0.996774)
(0.996785 0.996795 0.996805 0.996815 0.996825 0.996835 0.996845 0.996855 0.996865 0.996875)
(0.996885 0.996894 0.996904 0.996914 0.996923 0.996933 0.996942 0.996951 0.996960 0.996970)
(0.996979 0.996988 0.996997 0.997006 0.997015 0.997024 0.997033 0.997041 0.997050 0.997059)
(0.997067 0.997076 0.997085 0.997093 0.997101 0.997110 0.997118 0.997126 0.997135 0.997143)
(0.997151 0.997159 0.997167 0.997175 0.997183 0.997191 0.997199 0.997207 0.997214 0.997222)
(0.997230 0.997238 0.997245 0.997253 0.997260 0.997268 0.997275 0.997283 0.997290 0.997297)
(0.997305 0.997312 0.997319 0.997326 0.997333 0.997340 0.997347 0.997354 0.997361 0.997368)
(0.997375 0.997382 0.997389 0.997396 0.997403 0.997409 0.997416 0.997423 0.997429 0.997436)
(0.997442 0.997449 0.997455 0.997462 0.997468 0.997475 0.997481 0.997487 0.997494 0.997500)
(0.997506 0.997512 0.997519 0.997525 0.997531 0.997537 0.997543 0.997549 0.997555 0.997561)
(0.997567 0.997573 0.997579 0.997585 0.997590 0.997596 0.997602 0.997608 0.997613 0.997619)
(0.997625 0.997630 0.997636 0.997642 0.997647 0.997653 0.997658 0.997664 0.997669 0.997674)
(0.997680 0.997685 0.997691 0.997696 0.997701 0.997706 0.997712 0.997717 0.997722 0.997727)
(0.997732 0.997738 0.997743 0.997748 0.997753 0.997758 0.997763 0.997768 0.997773 0.997778)
(0.997783 0.997788 0.997792 0.997797 0.997802 0.997807 0.997812 0.997817 0.997821 0.997826)
(0.997831 0.997835 0.997840 0.997845 0.997849 0.997854 0.997859 0.997863 0.997868 0.997872)
(0.997877 0.997881 0.997886 0.997890 0.997895 0.997899 0.997904 0.997908 0.997912 0.997917)
(0.997921 0.997925 0.997930 0.997934 0.997938 0.997942 0.997947 0.997951 0.997955 0.997959)
(0.997963 0.997967 0.997972 0.997976 0.997980 0.997984 0.997988 0.997992 0.997996 0.998000)
(0.998004 0.998008 0.998012 0.998016 0.998020 0.998024 0.998028 0.998031 0.998035 0.998039)
(0.998043 0.998047 0.998051 0.998054 0.998058 0.998062 0.998066 0.998069 0.998073 0.998077)
(0.998081 0.998084 0.998088 0.998092 0.998095 0.998099 0.998102 0.998106 0.998110 0.998113)
(0.998117 0.998120 0.998124 0.998127 0.998131 0.998134 0.998138 0.998141 0.998145 0.998148)
(0.998152 0.998155 0.998158 0.998162 0.998165 0.998168 0.998172 0.998175 0.998179 0.998182)
(0.998185 0.998188 0.998192 0.998195 0.998198 0.998201 0.998205 0.998208 0.998211 0.998214)
(0.998217 0.998221 0.998224 0.998227 0.998230 0.998233 0.998236 0.998239 0.998243 0.998246)
(0.998249 0.998252 0.998255 0.998258 0.998261 0.998264 0.998267 0.998270 0.998273 0.998276)
(0.998279 0.998282 0.998285 0.998288 0.998291 0.998294 0.998296 0.998299 0.998302 0.998305)
(0.998308 0.998311 0.998314 0.998316 0.998319 0.998322 0.998325 0.998328 0.998331 0.998333)
(0.998336 0.998339 0.998342 0.998344 0.998347 0.998350 0.998353 0.998355 0.998358 0.998361)
(0.998363 0.998366 0.998369 0.998371 0.998374 0.998377 0.998379 0.998382 0.998384 0.998387)
(0.998390 0.998392 0.998395 0.998397 0.998400 0.998403 0.998405 0.998408 0.998410 0.998413)
(0.998415 0.998418 0.998420 0.998423 0.998425 0.998428 0.998430 0.998433 0.998435 0.998437)
(0.998440 0.998442 0.998445 0.998447 0.998450 0.998452 0.998454 0.998457 0.998459 0.998462)
(0.998464 0.998466 0.998469 0.998471 0.998473 0.998476 0.998478 0.998480 0.998483 0.998485)
(0.998487 0.998489 0.998492 0.998494 0.998496 0.998498 0.998501 0.998503 0.998505 0.998507)
(0.998510 0.998512 0.998514 0.998516 0.998519 0.998521 0.998523 0.998525 0.998527 0.998529)
(0.998532 0.998534 0.998536 0.998538 0.998540 0.998542 0.998544 0.998547 0.998549 0.998551)
(0.998553 0.998555 0.998557 0.998559 0.998561 0.998563 0.998565 0.998567 0.998569 0.998571)
(0.998573 0.998575 0.998578 0.998580 0.998582 0.998584 0.998586 0.998588 0.998590 0.998592)
(0.998594 0.998596 0.998597 0.998599 0.998601 0.998603 0.998605 0.998607 0.998609 0.998611)
(0.998613 0.998615 0.998617 0.998619 0.998621 0.998623 0.998624 0.998626 0.998628 0.998630)
(0.998632 0.998634 0.998636 0.998638 0.998639 0.998641 0.998643 0.998645 0.998647 0.998649)
(0.998650 0.998652 0.998654 0.998656 0.998658 0.998660 0.998661 0.998663 0.998665 0.998667)
(0.998668 0.998670 0.998672 0.998674 0.998675 0.998677 0.998679 0.998681 0.998682 0.998684)
(0.998686 0.998688 0.998689 0.998691 0.998693 0.998695 0.998696 0.998698 0.998700 0.998701)
(0.998703 0.998705 0.998706 0.998708 0.998710 0.998711 0.998713 0.998715 0.998716 0.998718)
(0.998720 0.998721 0.998723 0.998724 0.998726 0.998728 0.998729 0.998731 0.998733 0.998734)
(0.998736 0.998737 0.998739 0.998741 0.998742 0.998744 0.998745 0.998747 0.998748 0.998750)
(0.998752 0.998753 0.998755 0.998756 0.998758 0.998759 0.998761 0.998762 0.998764 0.998765)
(0.998767 0.998768 0.998770 0.998771 0.998773 0.998775 0.998776 0.998778 0.998779 0.998780)
(0.998782 0.998783 0.998785 0.998786 0.998788 0.998789 0.998791 0.998792 0.998794 0.998795)
(0.998797 0.998798 0.998800 0.998801 0.998802 0.998804 0.998805 0.998807 0.998808 0.998810)
(0.998811 0.998812 0.998814 0.998815 0.998817 0.998818 0.998819 0.998821 0.998822 0.998824)
(0.998825 0.998826 0.998828 0.998829 0.998830 0.998832 0.998833 0.998834 0.998836 0.998837)
(0.998839 0.998840 0.998841 0.998843 0.998844 0.998845 0.998847 0.998848 0.998849 0.998851)
(0.998852 0.998853 0.998855 0.998856 0.998857 0.998858 0.998860 0.998861 0.998862 0.998864)
(0.998865 0.998866 0.998867 0.998869 0.998870 0.998871 0.998873 0.998874 0.998875 0.998876)
(0.998878 0.998879 0.998880 0.998881 0.998883 0.998884 0.998885 0.998886 0.998888 0.998889)
(0.998890 0.998891 0.998893 0.998894 0.998895 0.998896 0.998897 0.998899 0.998900 0.998901)
(0.998902 0.998904 0.998905 0.998906 0.998907 0.998908 0.998909 0.998911 0.998912 0.998913)
(0.998914 0.998915 0.998917 0.998918 0.998919 0.998920 0.998921 0.998922 0.998924 0.998925)
(0.998926 0.998927 0.998928 0.998929 0.998930 0.998932 0.998933 0.998934 0.998935 0.998936)
(0.998937 0.998938 0.998940 0.998941 0.998942 0.998943 0.998944 0.998945 0.998946 0.998947)
(0.998948 0.998950 0.998951 0.998952 0.998953 0.998954 0.998955 0.998956 0.998957 0.998958)
(0.998959 0.998960 0.998962 0.998963 0.998964 0.998965 0.998966 0.998967 0.998968 0.998969)
(0.998970 0.998971 0.998972 0.998973 0.998974 0.998975 0.998976 0.998978 0.998979 0.998980)
(0.998981 0.998982 0.998983 0.998984 0.998985 0.998986 0.998987 0.998988 0.998989 0.998990)
(0.998991 0.998992 0.998993 0.998994 0.998995 0.998996 0.998997 0.998998 0.998999 0.999000)
(0.000000 0.500000 0.666667 0.750000 0.800000 0.833333 0.857143 0.875000 0.888889 0.900000)
(0.909091 0.916667 0.923077 0.928571 0.933333 0.937500 0.941176 0.944444 0.947368 0.950000)
(0.952381 0.954545 0.956522 0.958333 0.960000 0.961538 0.962963 0.964286 0.965517 0.966667)
(0.967742 0.968750 0.969697 0.970588 0.971429 0.972222 0.972973 0.973684 0.974359 0.975000)
(0.975610 0.976190 0.976744 0.977273 0.977778 0.978261 0.978723 0.979167 0.979592 0.980000)
(0.980392 0.980769 0.981132 0.981481 0.981818 0.982143 0.982456 0.982759 0.983051 0.983333)
(0.983607 0.983871 0.984127 0.984375 0.984615 0.984848 0.985075 0.985294 0.985507 0.985714)
(0.985915 0.986111 0.986301 0.986486 0.986667 0.986842 0.987013 0.987179 0.987342 0.987500)
(0.987654 0.987805 0.987952 0.988095 0.988235 0.988372 0.988506 0.988636 0.988764 0.988889)
(0.989011 0.989130 0.989247 0.989362 0.989474 0.989583 0.989691 0.989796 0.989899 0.990000)
(0.990099 0.990196 0.990291 0.990385 0.990476 0.990566 0.990654 0.990741 0.990826 0.990909)
(0.990991 0.991071 0.991150 0.991228 0.991304 0.991379 0.991453 0.991525 0.991597 0.991667)
(0.991736 0.991803 0.991870 0.991935 0.992000 0.992063 0.992126 0.992188 0.992248 0.992308)
(0.992366 0.992424 0.992481 0.992537 0.992593 0.992647 0.992701 0.992754 0.992806 0.992857)
(0.992908 0.992958 0.993007 0.993056 0.993103 0.993151 0.993197 0.993243 0.993289 0.993333)
(0.993377 0.993421 0.993464 0.993506 0.993548 0.993590 0.993631 0.993671 0.993711 0.993750)
(0.993789 0.993827 0.993865 0.993902 0.993939 0.993976 0.994012 0.994048 0.994083 0.994118)
(0.994152 0.994186 0.994220 0.994253 0.994286 0.994318 0.994350 0.994382 0.994413 0.994444)
(0.994475 0.994505 0.994536 0.994565 0.994595 0.994624 0.994652 0.994681 0.994709 0.994737)
(0.994764 0.994792 0.994819 0.994845 0.994872 0.994898 0.994924 0.994949 0.994975 0.995000)
(0.995025 0.995050 0.995074 0.995098 0.995122 0.995146 0.995169 0.995192 0.995215 0.995238)
(0.995261 0.995283 0.995305 0.995327 0.995349 0.995370 0.995392 0.995413 0.995434 0.995455)
(0.995475 0.995495 0.995516 0.995536 0.995556 0.995575 0.995595 0.995614 0.995633 0.995652)
(0.995671 0.995690 0.995708 0.995726 0.995745 0.995763 0.995781 0.995798 0.995816 0.995833)
(0.995851 0.995868 0.995885 0.995902 0.995918 0.995935 0.995951 0.995968 0.995984 0.996000)
(0.996016 0.996032 0.996047 0.996063 0.996078 0.996094 0.996109 0.996124 0.996139 0.996154)
(0.996169 0.996183 0.996198 0.996212 0.996226 0.996241 0.996255 0.996269 0.996283 0.996296)
(0.996310 0.996324 0.996337 0.996350 0.996364 0.996377 0.996390 0.996403 0.996416 0.996429)
(0.996441 0.996454 0.996466 0.996479 0.996491 0.996503 0.996516 0.996528 0.996540 0.996552)
(0.996564 0.996575 0.996587 0.996599 0.996610 0.996622 0.996633 0.996644 0.996656 0.996667)
(0.996678 0.996689 0.996700 0.996711 0.996721 0.996732 0.996743 0.996753 0.996764 0.996774)
(0.996785 0.996795 0.996805 0.996815 0.996825 0.996835 0.996845 0.996855 0.996865 0.996875)
(0.996885 0.996894 0.996904 0.996914 0.996923 0.996933 0.996942 0.996951 0.996960 0.996970)
(0.996979 0.996988 0.996997 0.997006 0.997015 0.997024 0.997033 0.997041 0.997050 0.997059)
(0.997067 0.997076 0.997085 0.997093 0.997101 0.997110 0.997118 0.997126 0.997135 0.997143)
(0.997151 0.997159 0.997167 0.997175 0.997183 0.997191 0.997199 0.997207 0.997214 0.997222)
(0.997230 0.997238 0.997245 0.997253 0.997260 0.997268 0.997275 0.997283 0.997290 0.997297)
(0.997305 0.997312 0.997319 0.997326 0.997333 0.997340 0.997347 0.997354 0.997361 0.997368)
(0.997375 0.997382 0.997389 0.997396 0.997403 0.997409 0.997416 0.997423 0.997429 0.997436)
(0.997442 0.997449 0.997455 0.997462 0.997468 0.997475 0.997481 0.997487 0.997494 0.997500)
(0.997506 0.997512 0.997519 0.997525 0.997531 0.997537 0.997543 0.997549 0.997555 0.997561)
(0.997567 0.997573 0.997579 0.997585 0.997590 0.997596 0.997602 0.997608 0.997613 0.997619)
(0.997625 0.997630 0.997636 0.997642 0.997647 0.997653 0.997658 0.997664 0.997669 0.997674)
(0.997680 0.997685 0.997691 0.997696 0.997701 0.997706 0.997712 0.997717 0.997722 0.997727)
(0.997732 0.997738 0.997743 0.997748 0.997753 0.997758 0.997763 0.997768 0.997773 0.997778)
(0.997783 0.997788 0.997792 0.997797 0.997802 0.997807 0.997812 0.997817 0.997821 0.997826)
(0.997831 0.997835 0.997840 0.997845 0.997849 0.997854 0.997859 0.997863 0.997868 0.997872)
(0.997877 0.997881 0.997886 0.997890 0.997895 0.997899 0.997904 0.997908 0.997912 0.997917)
(0.997921 0.997925 0.997930 0.997934 0.997938 0.997942 0.997947 0.997951 0.997955 0.997959)
(0.997963 0.997967 0.997972 0.997976 0.997980 0.997984 0.997988 0.997992 0.997996 0.998000)
(0.998004 0.998008 0.998012 0.998016 0.998020 0.998024 0.998028 0.998031 0.998035 0.998039)
(0.998043 0.998047 0.998051 0.998054 0.998058 0.998062 0.998066 0.998069 0.998073 0.998077)
(0.998081 0.998084 0.998088 0.998092 0.998095 0.998099 0.998102 0.998106 0.998110 0.998113)
(0.998117 0.998120 0.998124 0.998127 0.998131 0.998134 0.998138 0.998141 0.998145 0.998148)
(0.998152 0.998155 0.998158 0.998162 0.998165 0.998168 0.998172 0.998175 0.998179 0.998182)
(0.998185 0.998188 0.998192 0.998195 0.998198 0.998201 0.998205 0.998208 0.998211 0.998214)
(0.998217 0.998221 0.998224 0.998227 0.998230 0.998233 0.998236 0.998239 0.998243 0.998246)
(0.998249 0.998252 0.998255 0.998258 0.998261 0.998264 0.998267 0.998270 0.998273 0.998276)
(0.998279 0.998282 0.998285 0.998288 0.998291 0.998294 0.998296 0.998299 0.998302 0.998305)
(0.998308 0.998311 0.998314 0.998316 0.998319 0.998322 0.998325 0.998328 0.998331 0.998333)
(0.998336 0.998339 0.998342 0.998344 0.998347 0.998350 0.998353 0.998355 0.998358 0.998361)
(0.998363 0.998366 0.998369 0.998371 0.998374 0.998377 0.998379 0.998382 0.998384 0.998387)
(0.998390 0.998392 0.998395 0.998397 0.998400 0.998403 0.998405 0.998408 0.998410 0.998413)
(0.998415 0.998418 0.998420 0.998423 0.998425 0.998428 0.998430 0.998433 0.998435 0.998437)
(0.998440 0.998442 0.998445 0.998447 0.998450 0.998452 0.998454 0.998457 0.998459 0.998462)
(0.998464 0.998466 0.998469 0.998471 0.998473 0.998476 0.998478 0.998480 0.998483 0.998485)
(0.998487 0.998489 0.998492 0.998494 0.998496 0.998498 0.998501 0.998503 0.998505 0.998507)
(0.998510 0.998512 0.998514 0.998516 0.998519 0.998521 0.998523 0.998525 0.998527 0.998529)
(0.998532 0.998534 0.998536 0.998538 0.998540 0.998542 0.998544 0.998547 0.998549 0.998551)
(0.998553 0.998555 0.998557 0.998559 0.998561 0.998563 0.998565 0.998567 0.998569 0.998571)
(0.998573 0.998575 0.998578 0.998580 0.998582 0.998584 0.998586 0.998588 0.998590 0.998592)
(0.998594 0.998596 0.998597 0.998599 0.998601 0.998603 0.998605 0.998607 0.998609 0.998611)
(0.998613 0.998615 0.998617 0.998619 0.998621 0.998623 0.998624 0.998626 0.998628 0.998630)
(0.998632 0.998634 0.998636 0.998638 0.998639 0.998641 0.998643 0.998645 0.998647 0.998649)
(0.998650 0.998652 0.998654 0.998656 0.998658 0.998660 0.998661 0.998663 0.998665 0.998667)
(0.998668 0.998670 0.998672 0.998674 0.998675 0.998677 0.998679 0.998681 0.998682 0.998684)
(0.998686 0.998688 0.998689 0.998691 0.998693 0.998695 0.998696 0.998698 0.998700 0.998701)
(0.998703 0.998705 0.998706 0.998708 0.998710 0.998711 0.998713 0.998715 0.998716 0.998718)
(0.998720 0.998721 0.998723 0.998724 0.998726 0.998728 0.998729 0.998731 0.998733 0.998734)
(0.998736 0.998737 0.998739 0.998741 0.998742 0.998744 0.998745 0.998747 0.998748 0.998750)
(0.998752 0.998753 0.998755 0.998756 0.998758 0.998759 0.998761 0.998762 0.998764 0.998765)
(0.998767 0.998768 0.998770 0.998771 0.998773 0.998775 0.998776 0.998778 0.998779 0.998780)
(0.998782 0.998783 0.998785 0.998786 0.998788 0.998789 0.998791 0.998792 0.998794 0.998795)
(0.998797 0.998798 0.998800 0.998801 0.998802 0.998804 0.998805 0.998807 0.998808 0.998810)
(0.998811 0.998812 0.998814 0.998815 0.998817 0.998818 0.998819 0.998821 0.998822 0.998824)
(0.998825 0.998826 0.998828 0.998829 0.998830 0.998832 0.998833 0.998834 0.998836 0.998837)
(0.998839 0.998840 0.998841 0.998843 0.998844 0.998845 0.998847 0.998848 0.998849 0.998851)
(0.998852 0.998853 0.998855 0.998856 0.998857 0.998858 0.998860 0.998861 0.998862 0.998864)
(0.998865 0.998866 0.998867 0.998869 0.998870 0.998871 0.998873 0.998874 0.998875 0.998876)
(0.998878 0.998879 0.998880 0.998881 0.998883 0.998884 0.998885 0.998886 0.998888 0.998889)
(0.998890 0.998891 0.998893 0.998894 0.998895 0.998896 0.998897 0.998899 0.998900 0.998901)
(0.998902 0.998904 0.998905 0.998906 0.998907 0.998908 0.998909 0.998911 0.998912 0.998913)
(0.998914 0.998915 0.998917 0.998918 0.998919 0.998920 0.998921 0.998922 0.998924 0.998925)
(0.998926 0.998927 0.998928 0.998929 0.998930 0.998932 0.998933 0.998934 0.998935 0.998936)
(0.998937 0.998938 0.998940 0.998941 0.998942 0.998943 0.998944 0.998945 0.998946 0.998947)
(0.998948 0.998950 0.998951 0.998952 0.998953 0.998954 0.998955 0.998956 0.998957 0.998958)
(0.998959 0.998960 0.998962 0.998963 0.998964 0.998965 0.998966 0.998967 0.998968 0.998969)
(0.998970 0.998971 0.998972 0.998973 0.998974 0.998975 0.998976 0.998978 0.998979 0.998980)
(0.998981 0.998982 0.998983 0.998984 0.998985 0.998986 0.998987 0.998988 0.998989 0.998990)
(0.998991 0.998992 0.998993 0.998994 0.998995 0.998996 0.998997 0.998998 0.998999 0.999000)
(0.000000 0.500000 0.666667 0.750000 0.800000 0.833333 0.857143 0.875000 0.888889 0.900000)
(0.909091 0.916667 0.923077 0.928571 0.933333 0.937500 0.941176 0.944444 0.947368 0.950000)
(0.952381 0.954545 0.956522 0.958333 0.960000 0.961538 0.962963 0.964286 0.965517 0.966667)
(0.967742 0.968750 0.969697 0.970588 0.971429 0.972222 0.972973 0.973684 0.974359 0.975000)
(0.975610 0.976190 0.976744 0.977273 0.977778 0.978261 0.978723 0.979167 0.979592 0.980000)
(0.980392 0.980769 0.981132 0.981481 0.981818 0.982143 0.982456 0.982759 0.983051 0.983333)
(0.983607 0.983871 0.984127 0.984375 0.984615 0.984848 0.985075 0.985294 0.985507 0.985714)
(0.985915 0.986111 0.986301 0.986486 0.986667 0.986842 0.987013 0.987179 0.987342 0.987500)
(0.987654 0.987805 0.987952 0.988095 0.988235 0.988372 0.988506 0.988636 0.988764 0.988889)
(0.989011 0.989130 0.989247 0.989362 0.989474 0.989583 0.989691 0.989796 0.989899 0.990000)
(0.990099 0.990196 0.990291 0.990385 0.990476 0.990566 0.990654 0.990741 0.990826 0.990909)
(0.990991 0.991071 0.991150 0.991228 0.991304 0.991379 0.991453 0.991525 0.991597 0.991667)
(0.991736 0.991803 0.991870 0.991935 0.992000 0.992063 0.992126 0.992188 0.992248 0.992308)
(0.992366 0.992424 0.992481 0.992537 0.992593 0.992647 0.992701 0.992754 0.992806 0.992857)
(0.992908 0.992958 0.993007 0.993056 0.993103 0.993151 0.993197 0.993243 0.993289 0.993333)
(0.993377 0.993421 0.993464 0.993506 0.993548 0.993590 0.993631 0.993671 0.993711 0.993750)
(0.993789 0.993827 0.993865 0.993902 0.993939 0.993976 0.994012 0.994048 0.994083 0.994118)
(0.994152 0.994186 0.994220 0.994253 0.994286 0.994318 0.994350 0.994382 0.994413 0.994444)
(0.994475 0.994505 0.994536 0.994565 0.994595 0.994624 0.994652 0.994681 0.994709 0.994737)
(0.994764 0.994792 0.994819 0.994845 0.994872 0.994898 0.994924 0.994949 0.994975 0.995000)
(0.995025 0.995050 0.995074 0.995098 0.995122 0.995146 0.995169 0.995192 0.995215 0.995238)
(0.995261 0.995283 0.995305 0.995327 0.995349 0.995370 0.995392 0.995413 0.995434 0.995455)
(0.995475 0.995495 0.995516 0.995536 0.995556 0.995575 0.995595 0.995614 0.995633 0.995652)
(0.995671 0.995690 0.995708 0.995726 0.995745 0.995763 0.995781 0.995798 0.995816 0.995833)
(0.995851 0.995868 0.995885 0.995902 0.995918 0.995935 0.995951 0.995968 0.995984 0.996000)
(0.996016 0.996032 0.996047 0.996063 0.996078 0.996094 0.996109 0.996124 0.996139 0.996154)
(0.996169 0.996183 0.996198 0.996212 0.996226 0.996241 0.996255 0.996269 0.996283 0.996296)
(0.996310 0.996324 0.996337 0.996350 0.996364 0.996377 0.996390 0.996403 0.996416 0.996429)
(0.996441 0.996454 0.996466 0.996479 0.996491 0.996503 0.996516 0.996528 0.996540 0.996552)
(0.996564 0.996575 0.996587 0.996599 0.996610 0.996622 0.996633 0.996644 0.996656 0.996667)
(0.996678 0.996689 0.996700 0.996711 0.996721 0.996732 0.996743 0.996753 0.996764 0.996774)
(0.996785 0.996795 0.996805 0.996815 0.996825 0.996835 0.996845 0.996855 0.996865 0.996875)
(0.996885 0.996894 0.996904 0.996914 0.996923 0.996933 0.996942 0.996951 0.996960 0.996970)
(0.996979 0.996988 0.996997 0.997006 0.997015 0.997024 0.997033 0.997041 0.997050 0.997059)
(0.997067 0.997076 0.997085 0.997093 0.997101 0.997110 0.997118 0.997126 0.997135 0.997143)
(0.997151 0.997159 0.997167 0.997175 0.997183 0.997191 0.997199 0.997207 0.997214 0.997222)
(0.997230 0.997238 0.997245 0.997253 0.997260 0.997268 0.997275 0.997283 0.997290 0.997297)
(0.997305 0.997312 0.997319 0.997326 0.997333 0.997340 0.997347 0.997354 0.997361 0.997368)
(0.997375 0.997382 0.997389 0.997396 0.997403 0.997409 0.997416 0.997423 0.997429 0.997436)
(0.997442 0.997449 0.997455 0.997462 0.997468 0.997475 0.997481 0.997487 0.997494 0.997500)
(0.997506 0.997512 0.997519 0.997525 0.997531 0.997537 0.997543 0.997549 0.997555 0.997561)
(0.997567 0.997573 0.997579 0.997585 0.997590 0.997596 0.997602 0.997608 0.997613 0.997619)
(0.997625 0.997630 0.997636 0.997642 0.997647 0.997653 0.997658 0.997664 0.997669 0.997674)
(0.997680 0.997685 0.997691 0.997696 0.997701 0.997706 0.997712 0.997717 0.997722 0.997727)
(0.997732 0.997738 0.997743 0.997748 0.997753 0.997758 0.997763 0.997768 0.997773 0.997778)
(0.997783 0.997788 0.997792 0.997797 0.997802 0.997807 0.997812 0.997817 0.997821 0.997826)
(0.997831 0.997835 0.997840 0.997845 0.997849 0.997854 0.997859 0.997863 0.997868 0.997872)
(0.997877 0.997881 0.997886 0.997890 0.997895 0.997899 0.997904 0.997908 0.997912 0.997917)
(0.997921 0.997925 0.997930 0.997934 0.997938 0.997942 0.997947 0.997951 0.997955 0.997959)
(0.997963 0.997967 0.997972 0.997976 0.997980 0.997984 0.997988 0.997992 0.997996 0.998000)
(0.998004 0.998008 0.998012 0.998016 0.998020 0.998024 0.998028 0.998031 0.998035 0.998039)
(0.998043 0.998047 0.998051 0.998054 0.998058 0.998062 0.998066 0.998069 0.998073 0.998077)
(0.998081 0.998084 0.998088 0.998092 0.998095 0.998099 0.998102 0.998106 0.998110 0.998113)
(0.998117 0.998120 0.998124 0.998127 0.998131 0.998134 0.998138 0.998141 0.998145 0.998148)
(0.998152 0.998155 0.998158 0.998162 0.998165 0.998168 0.998172 0.998175 0.998179 0.998182)
(0.998185 0.998188 0.998192 0.998195 0.998198 0.998201 0.998205 0.998208 0.998211 0.998214)
(0.998217 0.998221 0.998224 0.998227 0.998230 0.998233 0.998236 0.998239 0.998243 0.998246)
(0.998249 0.998252 0.998255 0.998258 0.998261 0.998264 0.998267 0.998270 0.998273 0.998276)
(0.998279 0.998282 0.998285 0.998288 0.998291 0.998294 0.998296 0.998299 0.998302 0.998305)
(0.998308 0.998311 0.998314 0.998316 0.998319 0.998322 0.998325 0.998328 0.998331 0.998333)
(0.998336 0.998339 0.998342 0.998344 0.998347 0.998350 0.998353 0.998355 0.998358 0.998361)
(0.998363 0.998366 0.998369 0.998371 0.998374 0.998377 0.998379 0.998382 0.998384 0.998387)
(0.998390 0.998392 0.998395 0.998397 0.998400 0.998403 0.998405 0.998408 0.998410 0.998413)
(0.998415 0.998418 0.998420 0.998423 0.998425 0.998428 0.998430 0.998433 0.998435 0.998437)
(0.998440 0.998442 0.998445 0.998447 0.998450 0.998452 0.998454 0.998457 0.998459 0.998462)
(0.998464 0.998466 0.998469 0.998471 0.998473 0.998476 0.998478 0.998480 0.998483 0.998485)
(0.998487 0.998489 0.998492 0.998494 0.998496 0.998498 0.998501 0.998503 0.998505 0.998507)
(0.998510 0.998512 0.998514 0.998516 0.998519 0.998521 0.998523 0.998525 0.998527 0.998529)
(0.998532 0.998534 0.998536 0.998538 0.998540 0.998542 0.998544 0.998547 0.998549 0.998551)
(0.998553 0.998555 0.998557 0.998559 0.998561 0.998563 0.998565 0.998567 0.998569 0.998571)
(0.998573 0.998575 0.998578 0.998580 0.998582 0.998584 0.998586 0.998588 0.998590 0.998592)
(0.998594 0.998596 0.998597 0.998599 0.998601 0.998603 0.998605 0.998607 0.998609 0.998611)
(0.998613 0.998615 0.998617 0.998619 0.998621 0.998623 0.998624 0.998626 0.998628 0.998630)
(0.998632 0.998634 0.998636 0.998638 0.998639 0.998641 0.998643 0.998645 0.998647 0.998649)
(0.998650 0.998652 0.998654 0.998656 0.998658 0.998660 0.998661 0.998663 0.998665 0.998667)
(0.998668 0.998670 0.998672 0.998674 0.998675 0.998677 0.998679 0.998681 0.998682 0.998684)
(0.998686 0.998688 0.998689 0.998691 0.998693 0.998695 0.998696 0.998698 0.998700 0.998701)
(0.998703 0.998705 0.998706 0.998708 0.998710 0.998711 0.998713 0.998715 0.998716 0.998718)
(0.998720 0.998721 0.998723 0.998724 0.998726 0.998728 0.998729 0.998731 0.998733 0.998734)
(0.998736 0.998737 0.998739 0.998741 0.998742 0.998744 0.998745 0.998747 0.998748 0.998750)
(0.998752 0.998753 0.998755 0.998756 0.998758 0.998759 0.998761 0.998762 0.998764 0.998765)
(0.998767 0.998768 0.998770 0.998771 0.998773 0.998775 0.998776 0.998778 0.998779 0.998780)
(0.998782 0.998783 0.998785 0.998786 0.998788 0.998789 0.998791 0.998792 0.998794 0.998795)
(0.998797 0.998798 0.998800 0.998801 0.998802 0.998804 0.998805 0.998807 0.998808 0.998810)
(0.998811 0.998812 0.998814 0.998815 0.998817 0.998818 0.998819 0.998821 0.998822 0.998824)
(0.998825 0.998826 0.998828 0.998829 0.998830 0.998832 0.998833 0.998834 0.998836 0.998837)
(0.998839 0.998840 0.998841 0.998843 0.998844 0.998845 0.998847 0.998848 0.998849 0.998851)
(0.998852 0.998853 0.998855 0.998856 0.998857 0.998858 0.998860 0.998861 0.998862 0.998864)
(0.998865 0.998866 0.998867 0.998869 0.998870 0.998871 0.998873 0.998874 0.998875 0.998876)
(0.998878 0.998879 0.998880 0.998881 0.998883 0.998884 0.998885 0.998886 0.998888 0.998889)
(0.998890 0.998891 0.998893 0.998894 0.998895 0.998896 0.998897 0.998899 0.998900 0.998901)
(0.998902 0.998904 0.998905 0.998906 0.998907 0.998908 0.998909 0.998911 0.998912 0.998913)
(0.998914 0.998915 0.998917 0.998918 0.998919 0.998920 0.998921 0.998922 0.998924 0.998925)
(0.998926 0.998927 0.998928 0.998929 0.998930 0.998932 0.998933 0.998934 0.998935 0.998936)
(0.998937 0.998938 0.998940 0.998941 0.998942 0.998943 0.998944 0.998945 0.998946 0.998947)
(0.998948 0.998950 0.998951 0.998952 0.998953 0.998954 0.998955 0.998956 0.998957 0.998958)
(0.998959 0.998960 0.998962 0.998963 0.998964 0.998965 0.998966 0.998967 0.998968 0.998969)
(0.998970 0.998971 0.998972 0.998973 0.998974 0.998975 0.998976 0.998978 0.998979 0.998980)
(0.998981 0.998982 0.998983 0.998984 0.998985 0.998986 0.998987 0.998988 0.998989 0.998990)
(0.998991 0.998992 0.998993 0.998994 0.998995 0.998996 0.998997 0.998998 0.998999 0.999000)
